4294967278,186
4294967279,185
4294967278,351
4294967279,407
4294967278,350
4294967278,349
4294967279,308
4294967278,348
4294967278,178
4294967294,472
4294967279,178
4294967294,427
4294967294,11
4294967294,68
4294967278,54
4294967278,53
4294967278,52
4294967278,50
4294967278,45
4294967279,54
4294967279,53
4294967279,39
4294967279,34
4294967279,29
4294967279,27
4294967279,26
4294967278,389
4294967279,450
4294967278,385
4294967279,306
4294967278,132
4294967278,131
4294967278,130
4294967278,129
4294967278,128
4294967278,127
4294967278,126
4294967278,125
4294967278,123
4294967278,122
4294967278,121
4294967278,120
4294967278,119
4294967278,118
4294967278,117
4294967278,116
4294967278,115
4294967278,305
4294967278,114
4294967278,113
4294967278,112
4294967278,111
4294967278,110
4294967278,109
4294967278,108
4294967278,107
4294967278,106
4294967278,105
4294967278,219
4294967278,104
4294967278,103
4294967278,102
4294967278,101
4294967278,100
4294967278,99
4294967278,98
4294967278,97
4294967278,96
4294967278,95
4294967278,94
4294967278,93
4294967278,92
4294967278,91
4294967278,90
4294967278,89
4294967278,87
4294967278,86
4294967278,85
4294967278,84
4294967278,83
4294967278,391
4294967278,82
4294967278,81
4294967278,80
4294967278,79
4294967278,78
4294967278,77
4294967278,76
4294967278,75
4294967278,390
4294967278,74
4294967278,73
4294967278,72
4294967278,71
4294967278,70
4294967278,69
4294967278,68
4294967278,67
4294967278,66
4294967278,65
4294967278,64
4294967278,63
4294967278,62
4294967278,61
4294967278,60
4294967278,59
4294967278,58
4294967279,76
4294967279,409
4294967279,72
4294967279,70
4294967279,69
4294967279,64
4294967279,62
4294967279,59
4294967279,434
4294967279,52
4294967279,51
4294967279,49
4294967279,47
4294967279,45
4294967279,43
4294967279,42
4294967279,40
4294967279,38
4294967279,36
4294967279,28
4294967279,25
4294967279,0
4294967279,24
4294967279,23
4294967279,22
4294967279,21
4294967279,20
4294967279,19
4294967279,18
4294967279,17
4294967279,16
4294967279,15
4294967279,14
4294967279,13
4294967279,12
4294967279,11
4294967279,10
4294967279,9
4294967279,8
4294967279,7
4294967279,6
4294967279,5
4294967279,4
4294967278,168
4294967279,169
4294967278,166
4294967278,383
4294967279,465
4294967278,164
4294967279,162
4294967278,159
4294967278,158
4294967278,395
4294967278,346
4294967279,464
4294967278,297
4294967279,297
4294967278,295
4294967279,294
4294967278,293
120,8
120,7
4294967278,149
120,6
120,5
4294967278,148
120,4
120,3
120,2
120,1
4294967278,147
4294967294,441
4294967294,1356
4294967294,907
4294967294,29
4294967294,150
4294967294,186
4294967294,956
4294967294,45
4294967294,0
4294967279,397
4294967294,91
4294967294,90
4294967294,87
4294967294,86
4294967294,85
4294967294,84
4294967294,957
4294967294,954
4294967294,923
4294967294,28
4294967294,924
4294967294,27
4294967294,388
4294967294,53
4294967294,393
4294967294,44
4294967294,40
4294967294,38
4294967294,37
4294967279,291
4294967294,426
4294967294,430
4294967278,368
4294967279,32
4294967279,396
4294967278,143
4294967278,367
4294967279,429
4294967294,94
4294967294,96
4294967294,9
4294967294,8
4294967278,138
4294967278,276
4294967279,276
4294967278,0
4294967294,6
4294967278,272
4294967278,265
4294967279,271
4294967279,270
4294967278,266
4294967278,336
4294967294,5
4294967294,50
4294967294,46
4294967279,286
4294967279,265
4294967294,36
4294967294,39
4294967279,264
4294967279,421
4294967278,285
4294967278,258
4294967279,284
4294967278,359
4294967294,41
4294967279,392
4294967294,93
4294967294,95
4294967278,329
4294967278,328
4294967294,52
4294967294,974
4294967279,390
4294967278,330
4294967279,416
4294967278,326
115,4
4294967279,389
115,3
115,2
115,1
4294967279,442
4294967279,255
4294967294,43
4294967294,470
4294967294,17
4294967294,99
4294967294,76
4294967279,388
4294967294,81
4294967294,92
4294967294,88
4294967294,955
4294967278,124
4294967294,22
4294967294,67
4294967278,253
4294967278,356
4294967279,252
4294967278,252
4294967279,250
4294967278,251
4294967279,249
4294967279,441
4294967278,248
4294967278,244
4294967279,240
4294967294,42
4294967279,244
114,5
114,4
4294967279,242
114,3
114,2
114,1
4294967279,241
4294967278,240
4294967294,417
4294967294,51
4294967294,25
4294967279,234
112,4
112,3
112,2
112,1
4294967278,229
4294967294,385
4294967294,26
4294967294,456
4294967294,466
4294967294,464
4294967294,1355
4294967279,226
111,4
111,3
111,2
111,1
4294967294,971
4294967294,82
4294967279,223
4294967279,222
4294967279,219
110,5
4294967294,83
4294967278,213
110,4
4294967278,212
110,3
110,2
110,1
4294967294,1358
4294967278,211
4294967279,212
4294967279,318
4294967278,319
4294967278,318
109,5
4294967278,207
4294967279,208
4294967278,206
109,4
4294967279,207
109,3
109,2
109,1
4294967294,1360
4294967279,206
4294967278,202
4294967279,201
4294967278,196
4294967279,463
4294967279,195
4294967279,193
4294967279,462
4294967278,375
4294967278,374
4294967279,437
4294967278,373
4294967279,188
4294967278,386
4294967278,185
4294967279,186
4294967278,352
4294967279,309
4294967278,183
4294967279,184
4294967294,30
4294967294,947
4294967294,946
4294967294,944
4294967294,943
4294967294,938
4294967294,927
4294967294,902
4294967294,900
4294967294,899
4294967294,898
4294967294,897
4294967294,60
4294967279,183
24,2
24,4
4294967294,7
0,5
4294967293,131
4294967293,130
4294967293,129
4294967293,128
4294967293,127
4294967293,126
4294967293,125
4294967293,124
4294967293,123
4294967293,122
4294967293,121
4294967293,120
4294967293,119
4294967293,118
